3.65184e-09 7.33732e-09 1.10906e-08 1.49472e-08 1.89441e-08 2.3121e-08 2.75206e-08 3.21893e-08 3.71781e-08 4.25435e-08 4.83481e-08 5.46621e-08 6.15636e-08 6.91408e-08 7.74924e-08 8.67298e-08 9.69782e-08 1.08379e-07 1.21091e-07 1.35293e-07 1.51188e-07 1.69003e-07 1.88994e-07 2.1145e-07 2.36694e-07 2.65092e-07 2.97053e-07 3.33038e-07 3.73562e-07 4.19207e-07 4.70621e-07 5.28533e-07 5.9376e-07 6.67213e-07 7.49914e-07 8.43005e-07 9.47762e-07 1.06561e-06 1.19813e-06 1.34711e-06 1.51452e-06 1.70255e-06 1.91366e-06 2.15058e-06 2.41633e-06 2.71428e-06 3.04818e-06 3.42217e-06 3.84086e-06 4.30936e-06 4.83331e-06 5.41899e-06 6.07331e-06 6.80396e-06 7.61938e-06 8.52895e-06 9.54297e-06 1.06729e-05 1.19312e-05 1.33317e-05 1.48898e-05 1.66221e-05 1.85472e-05 2.06852e-05 2.30586e-05 2.56917e-05 2.86113e-05 3.1847e-05 3.54309e-05 3.93984e-05 4.37881e-05 4.86423e-05 5.40073e-05 5.99335e-05 6.64761e-05 7.36953e-05 8.16566e-05 9.04317e-05 0.000100098 0.000110742 0.000122453 0.000135334 0.000149492 0.000165047 0.000182127 0.00020087 0.000221428 0.000243964 0.000268656 0.000295694 0.000325286 0.000357655 0.000393043 0.00043171 0.000473938 0.000520029 0.00057031 0.000625132 0.000684873 0.000749939 0.000820767 0.000897826 0.000981618 0.00107268 0.0011716 0.00127899 0.00139551 0.00152188 0.00165884 0.00180722 0.00196788 0.00214173 0.00232978 0.00253305 0.00275268 0.00298986 0.00324584 0.00352197 0.00381969 0.00414051 0.00448605 0.00485801 0.0052582 0.00568854 0.00615106 0.00664792 0.00718138 0.00775383 0.00836782 0.00902602 0.00973124 0.0104865 0.0112948 0.0121596 0.0130843 0.0140725 0.0151281 0.0162551 0.0174577 0.0187403 0.0201076 0.0215645 0.0231161 0.0247676 0.0265248 0.0283933 0.0303793 0.0324892 0.0347296 0.0371074 0.0396298 0.0423045 0.0451392 0.0481421 0.0513218 0.0546869 0.0582468 0.062011 0.0659894 0.0701923 0.0746305 0.079315 0.0842574 0.0894696 0.094964 0.100753 0.106851 0.113271 0.120028 0.127135 0.13461 0.142467 0.150723 0.159395 0.1685 0.178058 0.188087 0.198607 0.209638 0.221201 0.233319 0.246014 0.259311 0.273233 0.287808 0.303061 0.31902 0.335716 0.353178 0.371438 0.390531 0.410491 0.431356 0.453164 0.475957 0.499779 0.524674 0.550693 0.577887 0.606312 0.636025 0.667092 0.699578 0.733558 0.76911 0.806318 0.845274 0.886077 0.928837 0.973673 1.02071 1.0701 1.12199 1.17656 1.234 1.29453 1.35837 1.42581 1.49715 1.57271 1.65289 1.73812 1.82891 1.92583 2.02955 2.14083 2.26057 2.38984 2.52988 2.68217 2.84852 3.03108 3.23251 3.45607 3.70586 3.98707 4.30637 4.67249 5.09706 5.59596 6.19138 6.91539 7.81601 8.96847 10.4975 12.6245 15.779 20.886 30.1994 49.9823 
7.33732e-09 1.47418e-08 2.2282e-08 3.00284e-08 3.80555e-08 4.64423e-08 5.52742e-08 6.4644e-08 7.46537e-08 8.54161e-08 9.70567e-08 1.09715e-07 1.23548e-07 1.38732e-07 1.55464e-07 1.73967e-07 1.9449e-07 2.17317e-07 2.42766e-07 2.71194e-07 3.03006e-07 3.38657e-07 3.78658e-07 4.23586e-07 4.7409e-07 5.30898e-07 5.9483e-07 6.66805e-07 7.47859e-07 8.39148e-07 9.41973e-07 1.05779e-06 1.18823e-06 1.33512e-06 1.50049e-06 1.68664e-06 1.89612e-06 2.13176e-06 2.39676e-06 2.69464e-06 3.02938e-06 3.40535e-06 3.82747e-06 4.30117e-06 4.83253e-06 5.42828e-06 6.09589e-06 6.84366e-06 7.68081e-06 8.61753e-06 9.66514e-06 1.08361e-05 1.21444e-05 1.36053e-05 1.52356e-05 1.70542e-05 1.90817e-05 2.13407e-05 2.38566e-05 2.66569e-05 2.9772e-05 3.32356e-05 3.70846e-05 4.13594e-05 4.61046e-05 5.13691e-05 5.72067e-05 6.3676e-05 7.08416e-05 7.8774e-05 8.75508e-05 9.72561e-05 0.000107983 0.000119831 0.000132913 0.000147346 0.000163264 0.000180809 0.000200136 0.000221416 0.000244832 0.000270585 0.000298893 0.000329993 0.000364141 0.000401615 0.000442718 0.000487776 0.000537143 0.000591202 0.000650367 0.000715084 0.000785837 0.000863147 0.000947575 0.00103973 0.00114026 0.00124986 0.00136931 0.0014994 0.00164101 0.00179507 0.0019626 0.00214467 0.00234244 0.00255714 0.00279011 0.00304276 0.0033166 0.00361326 0.00393446 0.00428206 0.00465801 0.00506443 0.00550354 0.00597772 0.00648951 0.00704159 0.00763682 0.00827824 0.00896907 0.00971273 0.0105128 0.0113732 0.0122979 0.0132913 0.0143578 0.0155023 0.0167299 0.0180458 0.0194557 0.0209656 0.0225817 0.0243107 0.0261593 0.028135 0.0302454 0.0324985 0.0349028 0.0374671 0.0402008 0.0431135 0.0462154 0.0495172 0.0530301 0.0567656 0.0607361 0.0649542 0.0694331 0.0741868 0.0792298 0.0845769 0.090244 0.0962473 0.102604 0.109331 0.116448 0.123973 0.131927 0.140329 0.149201 0.158566 0.168446 0.178866 0.189849 0.201423 0.213613 0.226447 0.239953 0.254161 0.269103 0.284808 0.301312 0.318647 0.336849 0.355954 0.376001 0.397028 0.419078 0.442191 0.466413 0.491789 0.518366 0.546193 0.575323 0.605809 0.637707 0.671075 0.705975 0.74247 0.780628 0.820518 0.862216 0.905798 0.951347 0.998949 1.0487 1.10069 1.15503 1.21182 1.27119 1.33326 1.39816 1.46604 1.53706 1.61139 1.6892 1.7707 1.85611 1.94564 2.03958 2.1382 2.2418 2.35075 2.46541 2.58622 2.71364 2.84821 2.99053 3.14127 3.30118 3.47114 3.65214 3.84531 4.05196 4.27361 4.51203 4.7693 5.04787 5.35067 5.68118 6.04364 6.4432 6.88621 7.38059 7.93632 8.56618 9.28676 10.12 11.0956 12.2544 13.6544 15.3803 17.5605 20.397 24.2217 29.6056 37.5655 49.9294 69.7299 
1.10906e-08 2.2282e-08 3.36765e-08 4.53802e-08 5.75044e-08 7.01678e-08 8.34979e-08 9.76343e-08 1.1273e-07 1.28953e-07 1.46492e-07 1.65557e-07 1.86383e-07 2.09233e-07 2.34403e-07 2.62227e-07 2.9308e-07 3.27386e-07 3.65621e-07 4.08323e-07 4.56096e-07 5.09624e-07 5.69673e-07 6.37109e-07 7.12901e-07 7.98145e-07 8.94068e-07 1.00205e-06 1.12364e-06 1.26057e-06 1.4148e-06 1.58851e-06 1.78413e-06 2.00442e-06 2.25243e-06 2.53157e-06 2.84569e-06 3.19904e-06 3.59638e-06 4.04305e-06 4.54494e-06 5.10867e-06 5.74158e-06 6.45183e-06 7.24852e-06 8.14173e-06 9.14268e-06 1.02638e-05 1.15189e-05 1.29234e-05 1.4494e-05 1.62497e-05 1.82111e-05 2.04013e-05 2.28457e-05 2.55722e-05 2.86118e-05 3.19988e-05 3.57706e-05 3.99689e-05 4.46393e-05 4.98321e-05 5.56025e-05 6.20114e-05 6.91256e-05 7.70184e-05 8.57701e-05 9.54691e-05 0.000106212 0.000118105 0.000131263 0.000145813 0.000161895 0.000179659 0.00019927 0.00022091 0.000244774 0.000271077 0.000300052 0.000331955 0.00036706 0.00040567 0.00044811 0.000494734 0.000545929 0.000602111 0.000663732 0.000731284 0.000805295 0.00088634 0.000975039 0.00107206 0.00117814 0.00129404 0.00142061 0.00155876 0.00170948 0.0018738 0.00205287 0.00224789 0.00246019 0.00269116 0.00294232 0.00321528 0.00351176 0.00383364 0.0041829 0.00456165 0.00497219 0.00541693 0.00589846 0.00641956 0.00698318 0.00759246 0.00825074 0.00896161 0.00972885 0.0105565 0.0114488 0.0124104 0.0134461 0.0145609 0.0157603 0.0170502 0.0184364 0.0199256 0.0215244 0.0232402 0.0250804 0.0270531 0.0291667 0.0314302 0.0338529 0.0364447 0.039216 0.0421777 0.0453413 0.0487189 0.052323 0.0561671 0.0602649 0.0646312 0.0692811 0.0742306 0.0794965 0.0850962 0.0910479 0.0973708 0.104085 0.111211 0.11877 0.126785 0.13528 0.144279 0.153807 0.163891 0.174558 0.185838 0.197759 0.210353 0.223652 0.237689 0.252498 0.268115 0.284578 0.301925 0.320195 0.339431 0.359674 0.380969 0.403362 0.426901 0.451635 0.477615 0.504893 0.533526 0.563569 0.595081 0.628124 0.662761 0.699058 0.737084 0.776909 0.818607 0.862256 0.907935 0.955729 1.00572 1.05801 1.11269 1.16986 1.22962 1.29209 1.35737 1.4256 1.49691 1.57142 1.64929 1.73067 1.81573 1.90463 1.99757 2.09476 2.19639 2.30272 2.41398 2.53046 2.65244 2.78024 2.91423 3.05478 3.2023 3.35728 3.52021 3.69166 3.87227 4.06273 4.26383 4.47645 4.70158 4.94035 5.19403 5.46408 5.75216 6.06021 6.39044 6.74543 7.12823 7.5424 7.99217 8.48259 9.01977 9.61108 10.2656 10.9945 11.812 12.7358 13.7888 15.0011 16.4124 18.0765 20.0677 22.4907 25.4966 29.3084 34.2601 40.8562 49.8412 62.2227 79.0081 
1.49472e-08 3.00284e-08 4.53802e-08 6.11436e-08 7.7467e-08 9.4508e-08 1.12437e-07 1.3144e-07 1.51719e-07 1.73501e-07 1.97035e-07 2.226e-07 2.50511e-07 2.81117e-07 3.14813e-07 3.52044e-07 3.9331e-07 4.39174e-07 4.90273e-07 5.4732e-07 6.11125e-07 6.82593e-07 7.62749e-07 8.52744e-07 9.53873e-07 1.06759e-06 1.19554e-06 1.33955e-06 1.50169e-06 1.68427e-06 1.88989e-06 2.12146e-06 2.38224e-06 2.67587e-06 3.00643e-06 3.37848e-06 3.79712e-06 4.26803e-06 4.79757e-06 5.3928e-06 6.06163e-06 6.81284e-06 7.65622e-06 8.60265e-06 9.66424e-06 1.08544e-05 1.21882e-05 1.36821e-05 1.53545e-05 1.72258e-05 1.93186e-05 2.16578e-05 2.42713e-05 2.71896e-05 3.04464e-05 3.40792e-05 3.81293e-05 4.2642e-05 4.76676e-05 5.32613e-05 5.94841e-05 6.64029e-05 7.40913e-05 8.26304e-05 9.21092e-05 0.000102625 0.000114286 0.000127209 0.000141522 0.000157367 0.000174899 0.000194285 0.000215712 0.00023938 0.000265509 0.000294341 0.000326136 0.000361181 0.000399787 0.000442292 0.000489065 0.000540506 0.000597051 0.000659171 0.00072738 0.000802234 0.000884335 0.000974335 0.00107294 0.00118092 0.0012991 0.00142837 0.00156969 0.00172411 0.00189275 0.00207681 0.00227761 0.00249654 0.00273511 0.00299495 0.0032778 0.00358552 0.00392014 0.0042838 0.00467881 0.00510765 0.00557296 0.00607758 0.00662453 0.00721705 0.00785859 0.00855284 0.00930374 0.0101155 0.0109925 0.0119396 0.0129617 0.0140644 0.0152532 0.0165342 0.017914 0.0193992 0.0209972 0.0227155 0.0245624 0.0265463 0.0286763 0.030962 0.0334136 0.0360417 0.0388575 0.0418729 0.0451004 0.0485532 0.0522451 0.0561906 0.0604051 0.0649046 0.0697059 0.0748268 0.0802858 0.0861022 0.0922965 0.0988899 0.105905 0.113364 0.121292 0.129715 0.138659 0.148151 0.15822 0.168897 0.180213 0.192199 0.204891 0.218323 0.232532 0.247557 0.263436 0.280211 0.297924 0.31662 0.336345 0.357146 0.379073 0.402176 0.42651 0.452128 0.479088 0.507449 0.537272 0.568621 0.60156 0.636157 0.672484 0.710613 0.750619 0.792581 0.836581 0.882702 0.931032 0.981662 1.03469 1.0902 1.14832 1.20913 1.27276 1.33931 1.40892 1.4817 1.55779 1.63734 1.72048 1.80736 1.89816 1.99305 2.0922 2.19581 2.30409 2.41724 2.53551 2.65913 2.78839 2.92355 3.06494 3.21287 3.36772 3.52986 3.69972 3.87777 4.0645 4.26047 4.46629 4.68263 4.91024 5.14993 5.40263 5.66935 5.95126 6.24965 6.56597 6.90189 7.2593 7.64036 8.04755 8.48373 8.95224 9.45696 10.0025 10.5941 11.2383 11.9428 12.7167 13.5715 14.5209 15.5822 16.7769 18.1324 19.6839 21.4771 23.5722 26.0497 29.0186 32.6274 37.0801 42.6545 49.718 58.7206 70.1122 84.0798 
1.89441e-08 3.80555e-08 5.75044e-08 7.7467e-08 9.8128e-08 1.19685e-07 1.4235e-07 1.66354e-07 1.91951e-07 2.19424e-07 2.49083e-07 2.81278e-07 3.16398e-07 3.54884e-07 3.97227e-07 4.43982e-07 4.95773e-07 5.53305e-07 6.17371e-07 6.88864e-07 7.68792e-07 8.58289e-07 9.58632e-07 1.07126e-06 1.19779e-06 1.34004e-06 1.50005e-06 1.68012e-06 1.88283e-06 2.11107e-06 2.36808e-06 2.65749e-06 2.98337e-06 3.35027e-06 3.76329e-06 4.22813e-06 4.75114e-06 5.33943e-06 6.00092e-06 6.74447e-06 7.57991e-06 8.51824e-06 9.57166e-06 1.07538e-05 1.20797e-05 1.35663e-05 1.52321e-05 1.70979e-05 1.91866e-05 2.15237e-05 2.41374e-05 2.7059e-05 3.0323e-05 3.39676e-05 3.8035e-05 4.2572e-05 4.76299e-05 5.32658e-05 5.95421e-05 6.65279e-05 7.42992e-05 8.29398e-05 9.25415e-05 0.000103206 0.000115043 0.000128176 0.000142738 0.000158877 0.000176752 0.00019654 0.000218434 0.000242645 0.000269403 0.00029896 0.000331591 0.000367597 0.000407303 0.000451069 0.00049928 0.000552362 0.000610772 0.000675013 0.000745626 0.000823203 0.000908382 0.00100186 0.00110439 0.00121678 0.00133992 0.00147477 0.00162235 0.00178377 0.00196026 0.00215309 0.00236369 0.00259354 0.00284429 0.00311769 0.00341561 0.00374009 0.0040933 0.00447758 0.00489544 0.00534956 0.00584284 0.00637835 0.00695941 0.00758955 0.00827255 0.00901245 0.00981357 0.0106805 0.0116182 0.0126318 0.013727 0.0149096 0.016186 0.0175629 0.0190473 0.020647 0.0223699 0.0242245 0.0262199 0.0283655 0.0306716 0.0331489 0.0358086 0.0386627 0.0417239 0.0450054 0.0485213 0.0522865 0.0563165 0.0606277 0.0652375 0.0701639 0.0754261 0.0810442 0.0870391 0.093433 0.100249 0.107511 0.115245 0.123477 0.132235 0.141549 0.151448 0.161963 0.173129 0.18498 0.197552 0.210881 0.225008 0.239973 0.255818 0.272587 0.290325 0.309082 0.328905 0.349846 0.371958 0.395297 0.419919 0.445885 0.473255 0.502094 0.532468 0.564445 0.598096 0.633496 0.670719 0.709845 0.750955 0.794135 0.839471 0.887056 0.936982 0.989348 1.04425 1.10181 1.16211 1.22529 1.29145 1.36072 1.43322 1.50909 1.58847 1.67149 1.75832 1.8491 1.94401 2.04322 2.1469 2.25526 2.36848 2.48679 2.61041 2.73958 2.87454 3.01558 3.16298 3.31704 3.47809 3.64649 3.82261 4.00686 4.19969 4.40157 4.61303 4.83463 5.06699 5.31079 5.56678 5.83578 6.1187 6.41654 6.73043 7.06161 7.41149 7.78164 8.17383 8.59007 9.03265 9.50415 10.0076 10.5464 11.1244 11.7465 12.4179 13.1449 13.9352 14.7976 15.7429 16.7839 17.9365 19.22 20.6582 22.281 24.1259 26.2407 28.6862 31.5412 34.9071 38.9147 43.7306 49.5602 56.6412 65.2113 75.4257 87.1992 
2.3121e-08 4.64423e-08 7.01678e-08 9.4508e-08 1.19685e-07 1.45934e-07 1.7351e-07 2.02689e-07 2.33777e-07 2.6711e-07 3.03062e-07 3.4205e-07 3.84544e-07 4.31067e-07 4.82211e-07 5.3864e-07 6.01103e-07 6.70442e-07 7.4761e-07 8.33677e-07 9.2985e-07 1.03749e-06 1.15812e-06 1.29348e-06 1.44549e-06 1.61635e-06 1.80849e-06 2.02467e-06 2.26797e-06 2.54188e-06 2.85026e-06 3.19747e-06 3.5884e-06 4.02849e-06 4.52387e-06 5.08133e-06 5.70853e-06 6.41397e-06 7.20716e-06 8.09868e-06 9.10036e-06 1.02253e-05 1.14883e-05 1.29055e-05 1.44951e-05 1.62772e-05 1.82741e-05 2.05108e-05 2.30147e-05 2.58163e-05 2.89495e-05 3.24516e-05 3.63642e-05 4.07329e-05 4.56086e-05 5.1047e-05 5.71099e-05 6.38654e-05 7.13887e-05 7.97624e-05 8.90776e-05 9.94347e-05 0.000110944 0.000123726 0.000137916 0.000153657 0.000171112 0.000190456 0.000211882 0.000235601 0.000261844 0.000290864 0.000322937 0.000358365 0.000397477 0.000440634 0.000488228 0.000540685 0.000598473 0.000662097 0.000732109 0.000809108 0.000893746 0.000986729 0.00108883 0.00120087 0.00132376 0.00145847 0.00160607 0.00176769 0.00194458 0.00213806 0.00234959 0.00258072 0.00283313 0.00310863 0.00340918 0.00373686 0.00409394 0.00448285 0.00490619 0.00536677 0.00586759 0.00641188 0.0070031 0.00764493 0.00834135 0.00909659 0.00991519 0.010802 0.0117621 0.0128012 0.013925 0.0151398 0.0164524 0.0178697 0.0193995 0.0210497 0.0228288 0.024746 0.0268108 0.0290335 0.0314249 0.0339964 0.0367601 0.039729 0.0429165 0.0463369 0.0500055 0.0539381 0.0581517 0.0626639 0.0674934 0.0726599 0.0781842 0.0840879 0.090394 0.0971264 0.10431 0.111972 0.12014 0.128843 0.13811 0.147975 0.15847 0.16963 0.181491 0.194092 0.207472 0.221672 0.236735 0.252706 0.269633 0.287563 0.306548 0.32664 0.347893 0.370365 0.394115 0.419204 0.445695 0.473656 0.503154 0.534261 0.56705 0.601598 0.637983 0.676288 0.716598 0.759001 0.803587 0.850452 0.899692 0.951409 1.00571 1.0627 1.12249 1.1852 1.25095 1.31987 1.39209 1.46773 1.54695 1.62988 1.71668 1.80751 1.90253 2.00192 2.10585 2.21451 2.3281 2.44682 2.57089 2.70054 2.83601 2.97754 3.12542 3.27992 3.44133 3.60999 3.78623 3.97041 4.16293 4.36419 4.57465 4.79479 5.02513 5.26624 5.51872 5.78325 6.06056 6.35143 6.65676 6.97749 7.31469 7.66954 8.04335 8.43756 8.85381 9.29391 9.75993 10.2542 10.7793 11.3382 11.9344 12.5717 13.2547 13.9886 14.7795 15.6344 16.5617 17.5713 18.6748 19.8864 21.2228 22.7045 24.3563 26.2087 28.2993 30.6744 33.3918 36.5226 40.1546 44.3946 49.3679 55.2149 62.0756 70.058 79.1804 89.2912 
2.75206e-08 5.52742e-08 8.34979e-08 1.12437e-07 1.4235e-07 1.7351e-07 2.06214e-07 2.40784e-07 2.77575e-07 3.16978e-07 3.5943e-07 4.05417e-07 4.55483e-07 5.1024e-07 5.70377e-07 6.36667e-07 7.09981e-07 7.91304e-07 8.81741e-07 9.82542e-07 1.09511e-06 1.22103e-06 1.36209e-06 1.5203e-06 1.6979e-06 1.89745e-06 2.12179e-06 2.37414e-06 2.65809e-06 2.97768e-06 3.33743e-06 3.74242e-06 4.19833e-06 4.71153e-06 5.28911e-06 5.93905e-06 6.67021e-06 7.49253e-06 8.41708e-06 9.4562e-06 1.06236e-05 1.19348e-05 1.34066e-05 1.50582e-05 1.69106e-05 1.89873e-05 2.13143e-05 2.39206e-05 2.68382e-05 3.01028e-05 3.37536e-05 3.78343e-05 4.23932e-05 4.74836e-05 5.31645e-05 5.95012e-05 6.65654e-05 7.44367e-05 8.32023e-05 9.29588e-05 0.000103812 0.00011588 0.000129289 0.000144183 0.000160714 0.000179056 0.000199392 0.00022193 0.000246894 0.000274529 0.000305104 0.000338915 0.000376283 0.00041756 0.000463129 0.000513411 0.000568861 0.000629979 0.000697306 0.000771433 0.000853001 0.000942711 0.00104132 0.00114965 0.0012686 0.00139914 0.00154231 0.00169926 0.00187122 0.00205952 0.00226559 0.00249101 0.00273745 0.00300673 0.0033008 0.00362176 0.0039719 0.00435366 0.00476967 0.00522275 0.00571595 0.00625253 0.00683599 0.00747009 0.00815885 0.00890658 0.0097179 0.0105977 0.0115514 0.0125845 0.013703 0.0149135 0.0162227 0.0176379 0.019167 0.0208181 0.0226002 0.0245225 0.0265951 0.0288285 0.0312338 0.033823 0.0366087 0.0396043 0.0428237 0.0462821 0.0499951 0.0539795 0.0582529 0.0628339 0.067742 0.072998 0.0786235 0.0846416 0.0910763 0.097953 0.105298 0.11314 0.121508 0.130432 0.139946 0.150082 0.160876 0.172366 0.184589 0.197587 0.211402 0.226077 0.24166 0.258198 0.275741 0.294341 0.314054 0.334935 0.357044 0.380441 0.405191 0.43136 0.459016 0.488231 0.519079 0.551637 0.585984 0.622204 0.660381 0.700606 0.742969 0.787566 0.834496 0.883861 0.935767 0.990323 1.04764 1.10784 1.17105 1.23738 1.30698 1.37997 1.45649 1.5367 1.62074 1.70876 1.80094 1.89744 1.99843 2.1041 2.21465 2.33026 2.45115 2.57753 2.70964 2.8477 2.99198 3.14272 3.30022 3.46475 3.63663 3.81619 4.00377 4.19973 4.40447 4.61841 4.84199 5.07568 5.32001 5.57552 5.84282 6.12254 6.41538 6.72211 7.04356 7.38063 7.73431 8.10569 8.49598 8.90651 9.33875 9.79434 10.2751 10.7831 11.3205 11.8901 12.4947 13.1376 13.8225 14.5539 15.3365 16.1761 17.0793 18.0536 19.108 20.253 21.5007 22.8658 24.3655 26.0204 27.8553 29.8997 32.1894 34.7673 37.685 41.0037 44.7953 49.1417 54.1324 59.8565 66.3888 73.765 81.947 90.7852 
3.21893e-08 6.4644e-08 9.76343e-08 1.3144e-07 1.66354e-07 2.02689e-07 2.40784e-07 2.81005e-07 3.23757e-07 3.69485e-07 4.18689e-07 4.7192e-07 5.29802e-07 5.93031e-07 6.62394e-07 7.3877e-07 8.23157e-07 9.16674e-07 1.02059e-06 1.13631e-06 1.26547e-06 1.40985e-06 1.57149e-06 1.75269e-06 1.95602e-06 2.18438e-06 2.44103e-06 2.72962e-06 3.05426e-06 3.41956e-06 3.83069e-06 4.29343e-06 4.81426e-06 5.40045e-06 6.06011e-06 6.80231e-06 7.63721e-06 8.5761e-06 9.63164e-06 1.08179e-05 1.21506e-05 1.36472e-05 1.53273e-05 1.72124e-05 1.93267e-05 2.16968e-05 2.43527e-05 2.73272e-05 3.0657e-05 3.43826e-05 3.8549e-05 4.32059e-05 4.84085e-05 5.42175e-05 6.07005e-05 6.79316e-05 7.5993e-05 8.49752e-05 9.49781e-05 0.000106112 0.000118497 0.000132267 0.000147569 0.000164564 0.000183429 0.000204358 0.000227564 0.000253282 0.000281768 0.000313302 0.000348191 0.000386772 0.000429412 0.000476512 0.000528511 0.000585886 0.000649159 0.000718898 0.000795722 0.000880305 0.00097338 0.00107574 0.00118826 0.00131187 0.0014476 0.00159655 0.00175991 0.001939 0.00213521 0.00235006 0.00258521 0.00284241 0.00312361 0.00343085 0.00376639 0.00413261 0.00453213 0.00496771 0.00544237 0.00595934 0.00652208 0.0071343 0.00780002 0.00852351 0.00930937 0.0101625 0.0110882 0.0120921 0.0131801 0.0143588 0.015635 0.0170161 0.0185098 0.0201244 0.021869 0.0237528 0.025786 0.0279792 0.0303438 0.0328918 0.035636 0.03859 0.0417681 0.0451856 0.0488585 0.052804 0.0570399 0.0615854 0.0664606 0.0716866 0.0772858 0.0832817 0.0896993 0.0965646 0.103905 0.11175 0.120129 0.129074 0.138619 0.1488 0.159651 0.171214 0.183526 0.196632 0.210574 0.2254 0.241158 0.257896 0.27567 0.294532 0.314541 0.335756 0.358238 0.382053 0.407267 0.433951 0.462177 0.49202 0.523559 0.556875 0.592052 0.629178 0.668344 0.709644 0.753175 0.799039 0.847341 0.898188 0.951693 1.00797 1.06715 1.12934 1.19468 1.26331 1.33535 1.41096 1.49028 1.57347 1.66068 1.75209 1.84785 1.94816 2.05319 2.16313 2.27819 2.39858 2.5245 2.65619 2.79387 2.93781 3.08824 3.24545 3.40971 3.58132 3.76059 3.94785 4.14346 4.34777 4.56117 4.78408 5.01693 5.2602 5.51439 5.78003 6.05769 6.34799 6.6516 6.96924 7.30168 7.64978 8.01445 8.3967 8.79763 9.21845 9.66048 10.1252 10.6142 11.1293 11.6725 12.246 12.8523 13.4942 14.1749 14.8979 15.6673 16.4876 17.3641 18.3028 19.3105 20.3953 21.5663 22.8342 24.2115 25.7128 27.355 29.1584 31.1465 33.3471 35.7928 38.5219 41.5785 45.0131 48.8821 53.2457 58.1642 63.6905 69.8586 76.6666 84.0576 91.9029 
3.71781e-08 7.46537e-08 1.1273e-07 1.51719e-07 1.91951e-07 2.33777e-07 2.77575e-07 3.23757e-07 3.72776e-07 4.25133e-07 4.81386e-07 5.42158e-07 6.08145e-07 6.80131e-07 7.58995e-07 8.4573e-07 9.41451e-07 1.04742e-06 1.16505e-06 1.29594e-06 1.4419e-06 1.60495e-06 1.78737e-06 1.99175e-06 2.22097e-06 2.47829e-06 2.76736e-06 3.09229e-06 3.4577e-06 3.86877e-06 4.33127e-06 4.85174e-06 5.43743e-06 6.09651e-06 6.83808e-06 7.67235e-06 8.61069e-06 9.66584e-06 1.0852e-05 1.21849e-05 1.36822e-05 1.53637e-05 1.72511e-05 1.93688e-05 2.17439e-05 2.44063e-05 2.73896e-05 3.07307e-05 3.44707e-05 3.86554e-05 4.33349e-05 4.85655e-05 5.44087e-05 6.09331e-05 6.82142e-05 7.63356e-05 8.53894e-05 9.54773e-05 0.000106711 0.000119215 0.000133125 0.00014859 0.000165775 0.000184861 0.000206047 0.000229551 0.000255613 0.000284496 0.000316486 0.0003519 0.000391082 0.000434409 0.000482295 0.000535189 0.000593584 0.000658017 0.000729073 0.000807391 0.000893664 0.000988652 0.00109317 0.00120813 0.00133448 0.0014733 0.00162572 0.00179298 0.00197644 0.00217755 0.00239788 0.00263916 0.00290321 0.00319205 0.00350781 0.00385284 0.00422962 0.00464088 0.0050895 0.00557864 0.00611165 0.00669216 0.00732407 0.00801155 0.00875909 0.0095715 0.0104539 0.0114119 0.0124514 0.0135786 0.0148003 0.0161239 0.0175569 0.0191076 0.0207848 0.0225978 0.0245567 0.0266719 0.0289548 0.0314174 0.0340724 0.0369333 0.0400145 0.0433312 0.0468996 0.0507366 0.0548605 0.0592903 0.0640462 0.0691496 0.0746231 0.0804904 0.0867767 0.0935084 0.100713 0.108421 0.116662 0.125469 0.134875 0.144918 0.155633 0.167062 0.179244 0.192223 0.206045 0.220757 0.236408 0.25305 0.270738 0.289527 0.309477 0.330649 0.353108 0.376919 0.402154 0.428883 0.457182 0.48713 0.518808 0.5523 0.587695 0.625083 0.664559 0.706221 0.750171 0.796514 0.84536 0.896821 0.951016 1.00807 1.0681 1.13124 1.19762 1.26739 1.34069 1.41767 1.49848 1.58329 1.67225 1.76555 1.86335 1.96585 2.07323 2.1857 2.30346 2.42672 2.55571 2.69065 2.83179 2.97938 3.13368 3.29497 3.46352 3.63964 3.82365 4.01586 4.21663 4.42633 4.64533 4.87404 5.11289 5.36234 5.62288 5.89501 6.1793 6.47632 6.78671 7.11115 7.45036 7.80514 8.17634 8.56488 8.97177 9.39809 9.84504 10.3139 10.8062 11.3234 11.8674 12.4399 13.0433 13.6797 14.352 15.0631 15.8163 16.6153 17.4644 18.3684 19.3327 20.3634 21.4677 22.6537 23.9305 25.3088 26.801 28.4212 30.1858 32.1139 34.2273 36.5513 39.1147 41.9505 45.0954 48.5896 52.4755 56.7959 61.5891 66.8836 72.689 78.9857 85.7143 92.7689 
4.25435e-08 8.54161e-08 1.28953e-07 1.73501e-07 2.19424e-07 2.6711e-07 3.16978e-07 3.69485e-07 4.25133e-07 4.84476e-07 5.48132e-07 6.16791e-07 6.91225e-07 7.72301e-07 8.60997e-07 9.58409e-07 1.06578e-06 1.18449e-06 1.31613e-06 1.46247e-06 1.62549e-06 1.80746e-06 2.01091e-06 2.23867e-06 2.49398e-06 2.78043e-06 3.10208e-06 3.46349e-06 3.86977e-06 4.32665e-06 4.84057e-06 5.41874e-06 6.06925e-06 6.8011e-06 7.62444e-06 8.55054e-06 9.59206e-06 1.07631e-05 1.20793e-05 1.35584e-05 1.52197e-05 1.70852e-05 1.91791e-05 2.15284e-05 2.4163e-05 2.71164e-05 3.04255e-05 3.41314e-05 3.82797e-05 4.29209e-05 4.81112e-05 5.39122e-05 6.03928e-05 6.76288e-05 7.57039e-05 8.47107e-05 9.47516e-05 0.000105939 0.000118398 0.000132264 0.00014769 0.00016484 0.000183898 0.000205064 0.000228559 0.000254624 0.000283526 0.000315555 0.000351031 0.000390303 0.000433753 0.0004818 0.000534902 0.000593558 0.000658314 0.000729765 0.000808561 0.000895408 0.000991078 0.00109641 0.00121232 0.00133979 0.0014799 0.00163383 0.00180285 0.00198833 0.00219176 0.00241476 0.00265909 0.00292663 0.00321943 0.00353971 0.00388985 0.00427243 0.00469023 0.00514624 0.00564369 0.00618606 0.00677708 0.00742077 0.00812144 0.00888372 0.0097126 0.0106134 0.0115918 0.012654 0.0138066 0.0150564 0.0164111 0.0178786 0.0194674 0.0211868 0.0230464 0.0250566 0.0272284 0.0295736 0.0321047 0.034835 0.0377786 0.0409505 0.0443666 0.0480437 0.0519998 0.0562538 0.0608258 0.0657368 0.0710094 0.0766671 0.0827351 0.0892396 0.0962086 0.103671 0.111658 0.120203 0.129338 0.139101 0.149528 0.16066 0.172538 0.185206 0.19871 0.213097 0.228417 0.244724 0.262072 0.280518 0.300122 0.320947 0.343058 0.366523 0.391414 0.417803 0.445769 0.47539 0.506751 0.539939 0.575042 0.612156 0.651376 0.692804 0.736545 0.782707 0.831402 0.882747 0.936863 0.993876 1.05391 1.11711 1.18361 1.25355 1.32708 1.40436 1.48554 1.5708 1.66029 1.75421 1.85272 1.95603 2.06432 2.1778 2.29668 2.42118 2.55153 2.68796 2.83072 2.98005 3.13624 3.29954 3.47025 3.64867 3.8351 4.02989 4.23337 4.4459 4.66787 4.89966 5.1417 5.39443 5.65832 5.93387 6.22161 6.52208 6.8359 7.1637 7.50616 7.86402 8.23807 8.62915 9.03818 9.46615 9.91414 10.3833 10.875 11.3905 11.9314 12.4994 13.0963 13.7241 14.3851 15.0819 15.8171 16.5939 17.4157 18.2865 19.2105 20.1926 21.2384 22.3541 23.5467 24.8244 26.1962 27.6725 29.2652 30.9879 32.8558 34.8865 37.0998 39.5181 42.1664 45.072 48.2648 51.7758 55.636 59.8743 64.5137 69.5666 75.0289 80.8736 87.0454 93.4584 
4.83481e-08 9.70567e-08 1.46492e-07 1.97035e-07 2.49083e-07 3.03062e-07 3.5943e-07 4.18689e-07 4.81386e-07 5.48132e-07 6.19603e-07 6.96555e-07 7.79835e-07 8.70395e-07 9.69305e-07 1.07777e-06 1.19715e-06 1.32897e-06 1.47496e-06 1.63707e-06 1.81748e-06 2.01866e-06 2.2434e-06 2.49483e-06 2.77646e-06 3.09226e-06 3.44667e-06 3.84471e-06 4.29197e-06 4.79477e-06 5.36015e-06 5.99605e-06 6.7113e-06 7.51585e-06 8.42077e-06 9.4385e-06 1.05829e-05 1.18694e-05 1.33153e-05 1.49398e-05 1.67645e-05 1.88133e-05 2.11126e-05 2.36923e-05 2.65852e-05 2.9828e-05 3.34611e-05 3.75299e-05 4.20842e-05 4.71796e-05 5.28775e-05 5.92459e-05 6.63602e-05 7.43035e-05 8.31679e-05 9.30551e-05 0.000104077 0.000116358 0.000130034 0.000145255 0.000162187 0.000181013 0.000201932 0.000225165 0.000250955 0.000279565 0.000311289 0.000346446 0.000385385 0.000428491 0.000476183 0.000528922 0.000587207 0.000651589 0.000722666 0.000801091 0.000887577 0.000982901 0.00108791 0.00120352 0.00133074 0.00147065 0.00162444 0.00179339 0.00197889 0.00218247 0.00240575 0.00265051 0.00291867 0.00321231 0.00353367 0.00388519 0.00426948 0.00468938 0.00514792 0.00564841 0.00619437 0.00678963 0.00743827 0.00814472 0.0089137 0.00975031 0.01066 0.0116486 0.0127224 0.0138881 0.015153 0.0165246 0.0180113 0.0196218 0.0213655 0.0232523 0.0252931 0.0274991 0.0298824 0.0324561 0.0352337 0.0382298 0.04146 0.0449407 0.0486894 0.0527245 0.0570657 0.0617337 0.0667505 0.0721394 0.077925 0.0841332 0.0907914 0.0979285 0.105575 0.113763 0.122527 0.131902 0.141925 0.152637 0.164077 0.176291 0.189323 0.203221 0.218036 0.23382 0.250628 0.268517 0.287548 0.307784 0.329289 0.352134 0.376389 0.402129 0.429431 0.458378 0.489052 0.521543 0.55594 0.59234 0.63084 0.671544 0.714557 0.75999 0.807958 0.858579 0.911977 0.968279 1.02762 1.09013 1.15596 1.22525 1.29815 1.37482 1.45543 1.54014 1.62913 1.72258 1.82066 1.92359 2.03155 2.14475 2.26341 2.38775 2.518 2.6544 2.79719 2.94662 3.10298 3.26652 3.43755 3.61635 3.80325 3.99856 4.20263 4.41581 4.63848 4.87101 5.11383 5.36736 5.63205 5.90839 6.19687 6.49804 6.81244 7.1407 7.48345 7.84137 8.21519 8.6057 9.01374 9.4402 9.88607 10.3524 10.8403 11.3511 11.886 12.4466 13.0344 13.6512 14.299 14.9798 15.696 16.4502 17.2452 18.0842 18.9707 19.9087 20.9026 21.9572 23.0781 24.2716 25.5445 26.9046 28.3609 29.9232 31.6028 33.4123 35.3658 37.4792 39.7699 42.2575 44.9628 47.9085 51.1179 54.6144 58.42 62.5531 67.026 71.8411 76.987 82.4349 88.1356 94.0195 
5.46621e-08 1.09715e-07 1.65557e-07 2.226e-07 2.81278e-07 3.4205e-07 4.05417e-07 4.7192e-07 5.42158e-07 6.16791e-07 6.96555e-07 7.82272e-07 8.74863e-07 9.75362e-07 1.08494e-06 1.20489e-06 1.33671e-06 1.48205e-06 1.64279e-06 1.82105e-06 2.01921e-06 2.23996e-06 2.48633e-06 2.76172e-06 3.06996e-06 3.41536e-06 3.80277e-06 4.23763e-06 4.72605e-06 5.27487e-06 5.8918e-06 6.58543e-06 7.36542e-06 8.24256e-06 9.22893e-06 1.0338e-05 1.1585e-05 1.29865e-05 1.45616e-05 1.6331e-05 1.83183e-05 2.05494e-05 2.30532e-05 2.58621e-05 2.90119e-05 3.25423e-05 3.64977e-05 4.09271e-05 4.5885e-05 5.14317e-05 5.76342e-05 6.45664e-05 7.23104e-05 8.09565e-05 9.06052e-05 0.000101367 0.000113364 0.00012673 0.000141616 0.000158182 0.000176612 0.000197101 0.00021987 0.000245156 0.000273224 0.000304363 0.00033889 0.000377153 0.000419532 0.000466446 0.000518352 0.000575749 0.000639183 0.000709251 0.000786606 0.000871957 0.000966081 0.00106982 0.0011841 0.00130992 0.00144837 0.00160064 0.001768 0.00195187 0.00215375 0.0023753 0.00261828 0.00288465 0.00317648 0.00349603 0.00384576 0.00422829 0.0046465 0.00510344 0.00560244 0.00614708 0.00674121 0.00738898 0.00809484 0.00886359 0.0097004 0.0106108 0.0116007 0.0126765 0.013845 0.0151135 0.0164898 0.0179824 0.0196001 0.0213525 0.0232498 0.025303 0.0275235 0.0299239 0.0325172 0.0353175 0.0383398 0.0415998 0.0451145 0.0489017 0.0529804 0.0573707 0.062094 0.0671728 0.0726311 0.0784942 0.0847887 0.091543 0.0987868 0.106552 0.114871 0.123779 0.133313 0.143511 0.154416 0.166068 0.178514 0.1918 0.205976 0.221095 0.23721 0.254379 0.272662 0.29212 0.31282 0.33483 0.358221 0.383068 0.409448 0.437442 0.467136 0.498616 0.531975 0.567308 0.604714 0.644296 0.686162 0.730421 0.777191 0.826591 0.878745 0.933782 0.991837 1.05305 1.11755 1.18551 1.25707 1.33238 1.41162 1.49496 1.58257 1.67463 1.77134 1.87288 1.97946 2.09129 2.20859 2.33157 2.46048 2.59554 2.73701 2.88515 3.04021 3.20248 3.37225 3.54981 3.73547 3.92955 4.13239 4.34434 4.56577 4.79705 5.03858 5.29078 5.55409 5.82897 6.1159 6.41539 6.72798 7.05424 7.39477 7.75021 8.12123 8.50857 8.913 9.33533 9.77647 10.2373 10.719 11.2225 11.7491 12.3001 12.8768 13.4808 14.1138 14.7775 15.4739 16.2053 16.974 17.7827 18.6342 19.5318 20.479 21.4797 22.5385 23.66 24.8498 26.1139 27.459 28.8927 30.4233 32.0603 33.8141 35.6961 37.7192 39.8975 42.2461 44.7816 47.5214 50.4835 53.6859 57.1458 60.878 64.8936 69.1974 73.7858 78.6441 83.7441 89.0431 94.4844 
6.15636e-08 1.23548e-07 1.86383e-07 2.50511e-07 3.16398e-07 3.84544e-07 4.55483e-07 5.29802e-07 6.08145e-07 6.91225e-07 7.79835e-07 8.74863e-07 9.77302e-07 1.08827e-06 1.20902e-06 1.34097e-06 1.48572e-06 1.64506e-06 1.82102e-06 2.01589e-06 2.23223e-06 2.47297e-06 2.74135e-06 3.04106e-06 3.37625e-06 3.75157e-06 4.17225e-06 4.64418e-06 5.17394e-06 5.76896e-06 6.43753e-06 7.18896e-06 8.03367e-06 8.98334e-06 1.0051e-05 1.12513e-05 1.26004e-05 1.41167e-05 1.58203e-05 1.7734e-05 1.98831e-05 2.22955e-05 2.50027e-05 2.80395e-05 3.14446e-05 3.52611e-05 3.95367e-05 4.43245e-05 4.96833e-05 5.56784e-05 6.2382e-05 6.98742e-05 7.82434e-05 8.75876e-05 9.8015e-05 0.000109645 0.00012261 0.000137055 0.00015314 0.000171043 0.000190958 0.0002131 0.000237704 0.000265029 0.000295359 0.000329008 0.000366317 0.000407663 0.000453457 0.000504152 0.000560239 0.000622259 0.000690803 0.000766516 0.000850101 0.000942327 0.00104403 0.00115613 0.00127961 0.00141556 0.00156516 0.00172968 0.00191052 0.00210919 0.00232733 0.0025667 0.00282925 0.00311705 0.00343237 0.00377764 0.00415551 0.00456883 0.00502067 0.00551438 0.00605353 0.00664198 0.00728389 0.00798376 0.00874639 0.00957697 0.0104811 0.0114646 0.0125341 0.0136964 0.0149588 0.0163293 0.0178162 0.0194287 0.0211764 0.0230697 0.0251194 0.0273375 0.0297364 0.0323295 0.0351311 0.0381563 0.0414212 0.0449429 0.0487397 0.0528308 0.0572368 0.0619794 0.0670816 0.0725678 0.0784639 0.0847971 0.0915963 0.098892 0.106716 0.115103 0.124089 0.133711 0.144008 0.155024 0.166801 0.179386 0.192828 0.207177 0.222488 0.238815 0.256219 0.274761 0.294504 0.315518 0.337871 0.361639 0.386897 0.413727 0.442212 0.472439 0.5045 0.53849 0.574507 0.612655 0.653039 0.695772 0.740968 0.788748 0.839236 0.892561 0.948858 1.00826 1.07092 1.13699 1.20661 1.27995 1.35717 1.43844 1.52395 1.61387 1.7084 1.80772 1.91205 2.02159 2.13657 2.25719 2.3837 2.51634 2.65535 2.80099 2.95353 3.11324 3.28041 3.45533 3.63831 3.82967 4.02973 4.23885 4.45738 4.68569 4.92418 5.17324 5.43331 5.70481 5.98823 6.28404 6.59277 6.91494 7.25113 7.60193 7.96799 8.34997 8.74859 9.1646 9.59883 10.0521 10.5254 11.0197 11.536 12.0756 12.6395 13.2293 13.8462 14.492 15.1682 15.8768 16.6197 17.3992 18.2177 19.0778 19.9826 20.9351 21.9389 22.998 24.1166 25.2995 26.5519 27.8798 29.2894 30.7881 32.3836 34.0847 35.9008 37.8424 39.921 42.1486 44.5385 47.1044 49.8604 52.8207 55.9988 59.4069 63.0546 66.9474 71.0856 75.4619 80.0604 84.8549 89.8087 94.8751 
6.91408e-08 1.38732e-07 2.09233e-07 2.81117e-07 3.54884e-07 4.31067e-07 5.1024e-07 5.93031e-07 6.80131e-07 7.72301e-07 8.70395e-07 9.75362e-07 1.08827e-06 1.21031e-06 1.34285e-06 1.48738e-06 1.64563e-06 1.81953e-06 2.01125e-06 2.22324e-06 2.45827e-06 2.71946e-06 3.01032e-06 3.33479e-06 3.69733e-06 4.10293e-06 4.55721e-06 5.06649e-06 5.63786e-06 6.27927e-06 6.99964e-06 7.80895e-06 8.71843e-06 9.74057e-06 1.08894e-05 1.21806e-05 1.36317e-05 1.52622e-05 1.70939e-05 1.91512e-05 2.14612e-05 2.4054e-05 2.69634e-05 3.02267e-05 3.38856e-05 3.79862e-05 4.25798e-05 4.77235e-05 5.34805e-05 5.99207e-05 6.71219e-05 7.51699e-05 8.41599e-05 9.41968e-05 0.000105397 0.000117889 0.000131814 0.000147329 0.000164606 0.000183834 0.000205224 0.000229004 0.000255429 0.000284776 0.000317351 0.000353489 0.000393559 0.000437963 0.000487145 0.000541589 0.000601825 0.000668431 0.000742044 0.000823355 0.000913121 0.00101216 0.00112139 0.00124177 0.00137438 0.00152038 0.00168104 0.00185772 0.00205192 0.00226527 0.00249952 0.00275659 0.00303853 0.00334759 0.0036862 0.00405697 0.00446275 0.00490659 0.00539181 0.00592197 0.00650092 0.00713281 0.00782212 0.00857364 0.00939256 0.0102844 0.0112552 0.0123114 0.0134598 0.0147078 0.0160633 0.0175349 0.0191315 0.0208629 0.0227395 0.0247723 0.0269731 0.0293547 0.0319304 0.0347146 0.0377226 0.0409707 0.044476 0.0482571 0.0523335 0.0567258 0.0614562 0.0665478 0.0720255 0.0779154 0.0842452 0.0910443 0.0983435 0.106176 0.114575 0.123579 0.133225 0.143553 0.154607 0.166432 0.179074 0.192583 0.207011 0.222413 0.238847 0.256372 0.275051 0.294952 0.316142 0.338695 0.362685 0.388193 0.4153 0.444092 0.47466 0.507097 0.541501 0.577974 0.616621 0.657553 0.700884 0.746733 0.795224 0.846485 0.900649 0.957855 1.01825 1.08197 1.14918 1.22005 1.29472 1.37337 1.45619 1.54335 1.63505 1.73147 1.83283 1.93932 2.05118 2.16861 2.29186 2.42116 2.55676 2.69891 2.84788 3.00395 3.16739 3.3385 3.51759 3.70495 3.90094 4.10587 4.3201 4.544 4.77795 5.02233 5.27756 5.54408 5.82232 6.11275 6.41586 6.73218 7.06223 7.40657 7.76582 8.14059 8.53156 8.93941 9.3649 9.80882 10.272 10.7554 11.2598 11.7865 12.3363 12.9106 13.5106 14.1377 14.7933 15.479 16.1966 16.9479 17.7351 18.5602 19.4258 20.3344 21.2891 22.2929 23.3493 24.4622 25.6358 26.8746 28.1838 29.5688 31.0358 32.5913 34.2429 35.9983 37.8662 39.8559 41.9773 44.2411 46.6583 49.2401 51.9979 54.9426 58.0842 61.4307 64.9879 68.7576 72.737 76.9171 81.2817 85.8072 90.4621 95.2076 
7.74924e-08 1.55464e-07 2.34403e-07 3.14813e-07 3.97227e-07 4.82211e-07 5.70377e-07 6.62394e-07 7.58995e-07 8.60997e-07 9.69305e-07 1.08494e-06 1.20902e-06 1.34285e-06 1.48784e-06 1.64564e-06 1.81805e-06 2.00715e-06 2.21525e-06 2.44497e-06 2.69927e-06 2.98148e-06 3.29534e-06 3.64508e-06 4.03543e-06 4.47175e-06 4.96004e-06 5.50703e-06 6.12031e-06 6.80837e-06 7.58073e-06 8.44808e-06 9.42237e-06 1.0517e-05 1.17469e-05 1.31289e-05 1.46816e-05 1.64259e-05 1.83851e-05 2.05853e-05 2.30554e-05 2.58277e-05 2.8938e-05 3.24264e-05 3.63373e-05 4.07201e-05 4.56295e-05 5.11266e-05 5.72786e-05 6.41607e-05 7.18555e-05 8.04551e-05 9.00607e-05 0.000100785 0.000112752 0.000126098 0.000140976 0.000157552 0.00017601 0.000196553 0.000219405 0.000244811 0.000273041 0.000304393 0.000339193 0.000377799 0.000420605 0.000468042 0.000520582 0.000578744 0.000643091 0.000714245 0.000792883 0.000879743 0.000975635 0.00108144 0.00119811 0.00132671 0.00146837 0.00162433 0.00179594 0.00198468 0.00219213 0.00242003 0.00267025 0.00294485 0.00324601 0.00357615 0.00393784 0.00433388 0.00476732 0.00524141 0.00575969 0.00632598 0.00694438 0.00761932 0.00835558 0.0091583 0.010033 0.0109856 0.0120225 0.0131506 0.0143772 0.0157101 0.0171579 0.0187296 0.0204349 0.0222841 0.0242883 0.0264594 0.0288099 0.0313534 0.0341043 0.0370778 0.0402902 0.043759 0.0475025 0.0515405 0.0558938 0.0605844 0.065636 0.0710733 0.0769228 0.0832125 0.0899718 0.0972321 0.105026 0.11339 0.122359 0.131973 0.142272 0.153301 0.165103 0.177728 0.191226 0.20565 0.221054 0.237498 0.255043 0.273753 0.293695 0.31494 0.337562 0.361637 0.387247 0.414475 0.44341 0.474144 0.506772 0.541394 0.578115 0.617042 0.658289 0.701973 0.748216 0.797145 0.848891 0.903592 0.961389 1.02243 1.08687 1.15486 1.22657 1.30216 1.38182 1.46573 1.55407 1.64704 1.74484 1.84768 1.95577 2.06933 2.18861 2.31382 2.44523 2.58307 2.72762 2.87915 3.03793 3.20426 3.37843 3.56076 3.75156 3.95117 4.15993 4.3782 4.60635 4.84476 5.09383 5.35397 5.62563 5.90924 6.20528 6.51424 6.83663 7.17298 7.52387 7.88987 8.27161 8.66975 9.08497 9.51801 9.96962 10.4406 10.9319 11.4444 11.9791 12.5369 13.1192 13.727 14.3616 15.0245 15.7171 16.441 17.198 17.99 18.8191 19.6873 20.5972 21.5514 22.5527 23.6042 24.7093 25.8718 27.0956 28.3852 29.7453 31.1812 32.6986 34.3037 36.0031 37.804 39.7141 41.7417 43.8954 46.184 48.6169 51.2032 53.9517 56.8707 59.9671 63.2462 66.7108 70.3601 74.1894 78.1889 82.3433 86.6311 91.0252 95.4936 
8.67298e-08 1.73967e-07 2.62227e-07 3.52044e-07 4.43982e-07 5.3864e-07 6.36667e-07 7.3877e-07 8.4573e-07 9.58409e-07 1.07777e-06 1.20489e-06 1.34097e-06 1.48738e-06 1.64564e-06 1.81746e-06 2.0048e-06 2.20983e-06 2.43504e-06 2.68319e-06 2.95744e-06 3.26131e-06 3.5988e-06 3.97438e-06 4.39311e-06 4.86066e-06 5.38343e-06 5.96856e-06 6.62413e-06 7.35916e-06 8.18378e-06 9.10935e-06 1.01486e-05 1.13157e-05 1.26266e-05 1.40992e-05 1.57532e-05 1.7611e-05 1.96973e-05 2.20397e-05 2.4669e-05 2.76196e-05 3.09296e-05 3.46416e-05 3.88028e-05 4.34656e-05 4.86886e-05 5.45362e-05 6.10804e-05 6.84006e-05 7.65851e-05 8.57315e-05 9.59478e-05 0.000107353 0.00012008 0.000134274 0.000150096 0.000167724 0.000187353 0.000209198 0.000233499 0.000260515 0.000290534 0.000323873 0.000360878 0.00040193 0.000447448 0.000497889 0.000553757 0.0006156 0.000684022 0.000759681 0.000843297 0.000935655 0.00103762 0.00115011 0.00127417 0.00141091 0.00156153 0.00172735 0.00190982 0.0021105 0.00233107 0.00257338 0.00283943 0.00313138 0.00345159 0.00380259 0.00418715 0.00460822 0.00506905 0.0055731 0.00612413 0.00672619 0.00738366 0.00810123 0.008884 0.0097374 0.0106673 0.0116801 0.0127825 0.0139817 0.0152857 0.0167028 0.0182419 0.0199128 0.0217256 0.0236914 0.025822 0.02813 0.0306287 0.0333325 0.0362567 0.0394176 0.0428324 0.0465197 0.050499 0.0547912 0.0594185 0.0644044 0.0697739 0.0755533 0.0817708 0.088456 0.0956403 0.103357 0.111641 0.12053 0.130062 0.14028 0.151226 0.162947 0.17549 0.188907 0.203252 0.218579 0.234949 0.252423 0.271067 0.290949 0.312139 0.334713 0.35875 0.38433 0.41154 0.44047 0.471212 0.503863 0.538527 0.575308 0.614318 0.65567 0.699486 0.745888 0.795007 0.846977 0.901938 0.960034 1.02142 1.08624 1.15467 1.22687 1.30301 1.38328 1.46786 1.55695 1.65074 1.74943 1.85325 1.96241 2.07714 2.19767 2.32425 2.45712 2.59656 2.74282 2.89618 3.05693 3.22536 3.40177 3.5865 3.77984 3.98216 4.19379 4.41509 4.64645 4.88825 5.14088 5.40478 5.68037 5.96811 6.26845 6.58191 6.90897 7.25019 7.60611 7.97732 8.36443 8.76809 9.18897 9.62778 10.0853 10.5622 11.0595 11.578 12.1187 12.6825 13.2705 13.8839 14.5238 15.1917 15.8889 16.6168 17.3772 18.1718 19.0023 19.871 20.7799 21.7314 22.7281 23.7728 24.8685 26.0185 27.2263 28.4958 29.8312 31.2369 32.7179 34.2794 35.927 37.6669 39.5054 41.4495 43.5061 45.6827 47.9868 50.426 53.0076 55.7383 58.6243 61.6701 64.8789 68.2512 71.7846 75.4734 79.3074 83.2725 87.3494 91.5149 95.7417 
